25
DISTANCE
1        1         0
1        2         576.9631
1        3         946.4954
1        4         597.5972
1        5         373.8127
1        6         559.7673
1        7         709.0215
1        8         1208.328
1        9         603.6477
1        10        695.208
1        11        680.709
1        12        1936.572
1        13        332.4644
1        14        592.5679
1        15        908.7715
1        16        426.1877
1        17        756.1987
1        18        672.5906
1        19        1590.224
1        20        527.3008
1        21        483.4673
1        22        2140.978
1        23        2184.402
1        24        408.1648
1        25        540.7388
2        1         576.9631
2        2         0
2        3         369.5327
2        4         613.0386
2        5         429.1079
2        6         312.8831
2        7         1196.489
2        8         1502.14
2        9         405.8975
2        10        1241.961
2        11        960.3459
2        12        2318.076
2        13        786.5959
2        14        949.5669
2        15        938.7461
2        16        999.5005
2        17        179.2426
2        18        96.2744
2        19        1999.584
2        20        210.7656
2        21        736.3755
2        22        2456.263
2        23        2339.509
2        24        844.1663
2        25        36.4947
3        1         946.4954
3        2         369.5327
3        3         0
3        4         858.3308
3        5         749.6018
3        6         556.0706
3        7         1541.273
3        8         1764.791
3        9         621.3306
3        10        1603.165
3        11        1250.962
3        12        2600.078
3        13        1137.335
3        14        1266.851
3        15        1124.778
3        16        1368.267
3        17        190.3157
3        18        274.3105
3        19        2299.429
3        20        494.2224
3        21        1043.484
3        22        2703.402
3        23        2503.828
3        24        1188.549
3        25        405.7886
4        1         597.5972
4        2         613.0386
4        3         858.3308
4        4         0
4        5         255.0303
4        6         311.3071
4        7         790.1213
4        8         907.4331
4        9         237.0703
4        10        932.2173
4        11        406.3386
4        12        1741.873
4        13        485.5564
4        14        1186.858
4        15        345.8738
4        16        830.3635
4        17        720.4687
4        18        675.3437
4        19        1447.104
4        20        403.8657
4        21        255.8823
4        22        1853.617
4        23        1733.132
4        24        1005.761
4        25        592.0278
5        1         373.8127
5        2         429.1079
5        3         749.6018
5        4         255.0303
5        5         0
5        6         225.8954
5        7         794.1726
5        8         1080.374
5        9         238.944
5        10        879.5647
5        11        533.156
5        12        1889.528
5        13        402.3291
5        14        947.3188
5        15        598.541
5        16        700.4368
5        17        578.3286
5        18        512.3965
5        19        1570.725
5        20        255.6551
5        21        307.3289
5        22        2036.128
5        23        1967.256
5        24        775.239
5        25        399.2253
6        1         559.7673
6        2         312.8831
6        3         556.0706
6        4         311.3071
6        5         225.8954
6        6         0
6        7         1009.689
6        8         1216.868
6        9         94.2588
6        10        1104.574
6        11        694.9153
6        12        2047.122
6        13        627.115
6        14        1084.5
6        15        626.1548
6        16        922.3181
6        17        409.3542
6        18        365.6853
6        19        1743.432
6        20        104.6478
6        21        491.1125
6        22        2164.855
6        23        2027.319
6        24        933.196
6        25        298.8486
7        1         709.0215
7        2         1196.489
7        3         1541.273
7        4         790.1213
7        5         794.1726
7        6         1009.689
7        7         0
7        8         663.8762
7        9         982.7378
7        10        221.422
7        11        447.8044
7        12        1249.763
7        13        411.1133
7        14        1097.608
7        15        851.8228
7        16        423.7053
7        17        1362.874
7        18        1288.966
7        19        895.0908
7        20        1049.266
7        21        537.6206
7        22        1493.843
7        23        1686.675
7        24        912.2104
7        25        1161.676
8        1        1208.328
8        2        1502.14
8        3        1764.791
8        4        907.4331
8        5        1080.374
8        6        1216.868
8        7        663.8762
8        8        0
8        9        1143.791
8        10        874.5181
8        11        551.6299
8        12        841.624
8        13        880.0728
8        14        1714.651
8        15        694.0088
8        16        1066.563
8        17        1625.87
8        18        1574.822
8        19        593.4216
8        20        1301.511
8        21        780.9512
8        22        955.802
8        23        1024.566
8        24        1519.174
8        25        1475.479
9        1        603.6477
9        2        405.8975
9        3        621.3306
9        4        237.0703
9        5        238.944
9        6        94.2588
9        7        982.7378
9        8        1143.791
9        9        0
9        10        1094.906
9        11        636.9045
9        12        1978.943
9        13        620.488
9        14        1151.868
9        15        535.0244
9        16        936.2502
9        17        489.5645
9        18        453.2583
9        19        1682.489
9        20        198.9058
9        21        450.2585
9        22        2086.845
9        23        1936.304
9        24        992.3379
9        25        392.9045
10        1        695.208
10        2        1241.961
10        3        1603.165
10        4        932.2173
10        5        879.5647
10        6        1104.574
10        7        221.422
10        8        874.5181
10        9        1094.906
10        10        0
10        11        642.2092
10        12        1375.635
10        13        477.459
10        14        963.7202
10        15        1046.119
10        16        305.3132
10        17        1417.072
10        18        1337.648
10        19        1017.332
10        20        1125.041
10        21        677.0608
10        22        1649.619
10        23        1891.166
10        24        795.2136
10        25        1205.747
11        1        680.709
11        2        960.3459
11        3        1250.962
11        4        406.3386
11        5        533.156
11        6        694.9153
11        7        447.8044
11        8        551.6299
11        9        636.9045
11        10        642.2092
11        11        0
11        12        1358.213
11        13        378.5906
11        14        1236.192
11        15        405.0906
11        16        674.479
11        17        1096.712
11        18        1038.645
11        19        1048.539
11        20        768.1641
11        21        229.4867
11        22        1506.451
11        23        1503.794
11        24        1038.624
11        25        931.7148
12        1        1936.572
12        2        2318.076
12        3        2600.078
12        4        1741.873
12        5        1889.528
12        6        2047.122
12        7        1249.763
12        8        841.624
12        9        1978.943
12        10        1375.635
12        11        1358.213
12        12        0
12        13        1608.082
12        14        2335.816
12        15        1530.57
12        16        1661.778
12        17        2453.352
12        18        2396.794
12        19        358.3762
12        20        2125.512
12        21        1582.369
12        22        361.5388
12        23        986.8149
12        24        2157.517
12        25        2288.748
13        1        332.4644
13        2        786.5959
13        3        1137.335
13        4        485.5564
13        5        402.3291
13        6        627.115
13        7        411.1133
13        8        880.0728
13        9        620.488
13        10        477.459
13        11        378.5906
13        12        1608.082
13        13        0
13        14        858.251
13        15        700.8213
13        16        348.2725
13        17        955.6191
13        18        879.9795
13        19        1265.573
13        20        651.1179
13        21        254.9977
13        22        1808.52
13        23        1872.696
13        24        660.5173
13        25        751.4614
14        1        592.5679
14        2        949.5669
14        3        1266.851
14        4        1186.858
14        5        947.3188
14        6        1084.5
14        7        1097.608
14        8        1714.651
14        9        1151.868
14        10        963.7202
14        11        1236.192
14        12        2335.816
14        13        858.251
14        14        0
14        15        1500.774
14        16        675.7505
14        17        1098.282
14        18        1021.611
14        19        1977.613
14        20        1015.165
14        21        1065.599
14        22        2591.447
14        23        2725.79
14        24        197.8015
14        25        923.2229
15        1        908.7715
15        2        938.7461
15        3        1124.778
15        4        345.8738
15        5        598.541
15        6        626.1548
15        7        851.8228
15        8        694.0088
15        9        535.0244
15        10        1046.119
15        11        405.0906
15        12        1530.57
15        13        700.8213
15        14        1500.774
15        15        0
15        16        1039.77
15        17        1018.399
15        18        987.8645
15        19        1280.737
15        20        728.3743
15        21        450.3982
15        22        1589.835
15        23        1401.321
15        24        1311.21
15        25        922.3145
16        1        426.1877
16        2        999.5005
16        3        1368.267
16        4        830.3635
16        5        700.4368
16        6        922.3181
16        7        423.7053
16        8        1066.563
16        9        936.2502
16        10        305.3132
16        11        674.479
16        12        1661.778
16        13        348.2725
16        14        675.7505
16        15        1039.77
16        16        0
16        17        1178.439
16        18        1095.657
16        19        1304.043
16        20        918.5615
16        21        601.9917
16        22        1916.578
16        23        2090.089
16        24        496.4224
16        25        963.0435
17        1        756.1987
17        2        179.2426
17        3        190.3157
17        4        720.4687
17        5        578.3286
17        6        409.3542
17        7        1362.874
17        8        1625.87
17        9        489.5645
17        10        1417.072
17        11        1096.712
17        12        2453.352
17        13        955.6191
17        14        1098.282
17        15        1018.399
17        16        1178.439
17        17        0
17        18        84.3365
17        19        2143.565
17        20        328.7515
17        21        880.5469
17        22        2574.082
17        23        2415.489
17        24        1008.2
17        25        215.561
18        1        672.5906
18        2        96.2744
18        3        274.3105
18        4        675.3437
18        5        512.3965
18        6        365.6853
18        7        1288.966
18        8        1574.822
18        9        453.2583
18        10        1337.648
18        11        1038.645
18        12        2396.794
18        13        879.9795
18        14        1021.611
18        15        987.8645
18        16        1095.657
18        17        84.3365
18        18        0
18        19        2082.316
18        20        273.4106
18        21        818.1228
18        22        2526.562
18        23        2388.689
18        24        926.6267
18        25        132.7684
19        1        1590.224
19        2        1999.584
19        3        2299.429
19        4        1447.104
19        5        1570.725
19        6        1743.432
19        7        895.0908
19        8        593.4216
19        9        1682.489
19        10        1017.332
19        11        1048.539
19        12        358.3762
19        13        1265.573
19        14        1977.613
19        15        1280.737
19        16        1304.043
19        17        2143.565
19        18        2082.316
19        19        0
19        20        1814.83
19        21        1264.193
19        22        661.6543
19        23        1129.327
19        24        1800.098
19        25        1968.689
20        1        527.3008
20        2        210.7656
20        3        494.2224
20        4        403.8657
20        5        255.6551
20        6        104.6478
20        7        1049.266
20        8        1301.511
20        9        198.9058
20        10        1125.041
20        11        768.1641
20        12        2125.512
20        13        651.1179
20        14        1015.165
20        15        728.3743
20        16        918.5615
20        17        328.7515
20        18        273.4106
20        19        1814.83
20        20        0
20        21        552.4229
20        22        2253.211
20        23        2128.828
20        24        875.2542
20        25        194.5945
21        1        483.4673
21        2        736.3755
21        3        1043.484
21        4        255.8823
21        5        307.3289
21        6        491.1125
21        7        537.6206
21        8        780.9512
21        9        450.2585
21        10        677.0608
21        11        229.4867
21        12        1582.369
21        13        254.9977
21        14        1065.599
21        15        450.3982
21        16        601.9917
21        17        880.5469
21        18        818.1228
21        19        1264.193
21        20        552.4229
21        21        0
21        22        1735.937
21        23        1712.136
21        24        871.6396
21        25        706.5024
22        1        2140.978
22        2        2456.263
22        3        2703.402
22        4        1853.617
22        5        2036.128
22        6        2164.855
22        7        1493.843
22        8        955.802
22        9        2086.845
22        10        1649.619
22        11        1506.451
22        12        361.5388
22        13        1808.52
22        14        2591.447
22        15        1589.835
22        16        1916.578
22        17        2574.082
22        18        2526.562
22        19        661.6543
22        20        2253.211
22        21        1735.937
22        22        0
22        23        694.9363
22        24        2404.839
22        25        2430.269
23        1        2184.402
23        2        2339.509
23        3        2503.828
23        4        1733.132
23        5        1967.256
23        6        2027.319
23        7        1686.675
23        8        1024.566
23        9        1936.304
23        10        1891.166
23        11        1503.794
23        12        986.8149
23        13        1872.696
23        14        2725.79
23        15        1401.321
23        16        2090.089
23        17        2415.489
23        18        2388.689
23        19        1129.327
23        20        2128.828
23        21        1712.136
23        22        694.9363
23        23        0
23        24        2528.479
23        25        2321.873
24        1        408.1648
24        2        844.1663
24        3        1188.549
24        4        1005.761
24        5        775.239
24        6        933.196
24        7        912.2104
24        8        1519.174
24        9        992.3379
24        10        795.2136
24        11        1038.624
24        12        2157.517
24        13        660.5173
24        14        197.8015
24        15        1311.21
24        16        496.4224
24        17        1008.2
24        18        926.6267
24        19        1800.098
24        20        875.2542
24        21        871.6396
24        22        2404.839
24        23        2528.479
24        24        0
24        25        813.5513
25        1        540.7388
25        2        36.4947
25        3        405.7886
25        4        592.0278
25        5        399.2253
25        6        298.8486
25        7        1161.676
25        8        1475.479
25        9        392.9045
25        10        1205.747
25        11        931.7148
25        12        2288.748
25        13        751.4614
25        14        923.2229
25        15        922.3145
25        16        963.0435
25        17        215.561
25        18        132.7684
25        19        1968.689
25        20        194.5945
25        21        706.5024
25        22        2430.269
25        23        2321.873
25        24        813.5513
25        25        0
DEMAND
1        1        0
1        2        6469
1        3        7629
1        4        20036
1        5        4690
1        6        6194
1        7        11688
1        8        2243
1        9        8857
1        10        7248
1        11        3559
1        12        9221
1        13        10099
1        14        22866
1        15        3388
1        16        9986
1        17        46618
1        18        11639
1        19        1380
1        20        5261
1        21        5985
1        22        6731
1        23        2704
1        24        12250
1        25        16132
2        1        6469
2        2        0
2        3        12999
2        4        13692
2        5        3322
2        6        5576
2        7        3878
2        8        3202
2        9        6699
2        10        4198
2        11        2454
2        12        7975
2        13        1186
2        14        7443
2        15        1162
2        16        5105
2        17        24817
2        18        6532
2        19        806
2        20        8184
2        21        3896
2        22        7333
2        23        3719
2        24        2015
2        25        565
3        1        7629
3        2        12999
3        3        0
3        4        35135
3        5        5956
3        6        14121
3        7        5951
3        8        5768
3        9        16578
3        10        4242
3        11        3365
3        12        22254
3        13        1841
3        14        23665
3        15        6517
3        16        3541
3        17        205088
3        18        37669
3        19        2885
3        20        13200
3        21        7116
3        22        17165
3        23        4284
3        24        8085
3        25        51895
4        1        20036
4        2        13692
4        3        35135
4        4        0
4        5        19094
4        6        35119
4        7        21423
4        8        27342
4        9        51341
4        10        15826
4        11        28537
4        12        65387
4        13        12980
4        14        44097
4        15        51525
4        16        14354
4        17        172895
4        18        37305
4        19        15418
4        20        26221
4        21        42303
4        22        35303
4        23        13618
4        24        17580
4        25        40708
5        1        4690
5        2        3322
5        3        5956
5        4        19094
5        5        0
5        6        7284
5        7        3102
5        8        1562
5        9        7180
5        10        1917
5        11        2253
5        12        5951
5        13        1890
5        14        7097
5        15        2009
5        16        1340
5        17        25303
5        18        6031
5        19        1041
5        20        4128
5        21        5452
5        22        3344
5        23        1067
5        24        4608
5        25        7050
6        1        6194
6        2        5576
6        3        14121
6        4        35119
6        5        7284
6        6        0
6        7        5023
6        8        3512
6        9        10419
6        10        3543
6        11        2752
6        12        14412
6        13        2043
6        14        15642
6        15        5014
6        16        2016
6        17        62034
6        18        15385
6        19        2957
6        20        5035
6        21        7482
6        22        6758
6        23        2191
6        24        6599
6        25        14181
7        1        11688
7        2        3878
7        3        5951
7        4        21423
7        5        3102
7        6        5023
7        7        0
7        8        11557
7        9        6479
7        10        34261
7        11        10134
7        12        27350
7        13        6929
7        14        7961
7        15        4678
7        16        13511
7        17        29801
7        18        7549
7        19        5550
7        20        3089
7        21        9958
7        22        14110
7        23        4911
7        24        2722
7        25        10802
8        1        2243
8        2        3202
8        3        5768
8        4        27342
8        5        1562
8        6        3512
8        7        11557
8        8        0
8        9        5615
8        10        7095
8        11        10753
8        12        30362
8        13        1783
8        14        3437
8        15        8897
8        16        2509
8        17        23273
8        18        5160
8        19        8750
8        20        2583
8        21        7288
8        22        17481
8        23        7930
8        24        1278
8        25        8447
9        1        8857
9        2        6699
9        3        16578
9        4        51341
9        5        7180
9        6        10419
9        7        6479
9        8        5615
9        9        0
9        10        4448
9        11        5076
9        12        22463
9        13        4783
9        14        24609
9        15        9969
9        16        4224
9        17        79945
9        18        20001
9        19        4291
9        20        10604
9        21        11925
9        22        13091
9        23        4172
9        24        12891
9        25        19500
10        1        7248
10        2        4198
10        3        4242
10        4        15826
10        5        1917
10        6        3543
10        7        34261
10        8        7095
10        9        4448
10        10        0
10        11        4370
10        12        17267
10        13        3929
10        14        8602
10        15        2753
10        16        20013
10        17        28080
10        18        5971
10        19        2131
10        20        3579
10        21        6809
10        22        8455
10        23        2868
10        24        2336
10        25        5616
11        1        3559
11        2        2454
11        3        3365
11        4        28537
11        5        2253
11        6        2752
11        7        10134
11        8        10753
11        9        5076
11        10        4370
11        11        0
11        12        15287
11        13        3083
11        14        4092
11        15        7701
11        16        2809
11        17        17291
11        18        4462
11        19        3239
11        20        2309
11        21        16003
11        22        8381
11        23        3033
11        24        1755
11        25        7266
12        1        9221
12        2        7975
12        3        22254
12        4        65387
12        5        5951
12        6        14412
12        7        27350
12        8        30362
12        9        22463
12        10        17267
12        11        15287
12        12        0
12        13        5454
12        14        15011
12        15        17714
12        16        10037
12        17        105507
12        18        20040
12        19        31780
12        20        10822
12        21        16450
12        22        92083
12        23        32908
12        24        3865
12        25        24583
13        1        10099
13        2        1186
13        3        1841
13        4        12980
13        5        1890
13        6        2043
13        7        6929
13        8        1783
13        9        4783
13        10        3929
13        11        3083
13        12        5454
13        13        0
13        14        3251
13        15        1126
13        16        5926
13        17        10653
13        18        3062
13        19        759
13        20        1255
13        21        6173
13        22        2974
13        23        1056
13        24        1504
13        25        4588
14        1        22866
14        2        7443
14        3        23665
14        4        44097
14        5        7097
14        6        15642
14        7        7961
14        8        3437
14        9        24609
14        10        8602
14        11        4092
14        12        15011
14        13        3251
14        14        0
14        15        5550
14        16        9473
14        17        169397
14        18        25073
14        19        1170
14        20        14272
14        21        8543
14        22        8064
14        23        1840
14        24        20618
14        25        20937
15        1        3388
15        2        1162
15        3        6517
15        4        51525
15        5        2009
15        6        5014
15        7        4678
15        8        8897
15        9        9969
15        10        2753
15        11        7701
15        12        17714
15        13        1126
15        14        5550
15        15        0
15        16        2152
15        17        26816
15        18        6931
15        19        4947
15        20        2676
15        21        8033
15        22        12692
15        23        6157
15        24        3065
15        25        12044
16        1        9986
16        2        5105
16        3        3541
16        4        14354
16        5        1340
16        6        2016
16        7        13511
16        8        2509
16        9        4224
16        10        20013
16        11        2809
16        12        10037
16        13        5926
16        14        9473
16        15        2152
16        16        0
16        17        21806
16        18        4519
16        19        886
16        20        1742
16        21        4782
16        22        6453
16        23        2022
16        24        3546
16        25        5065
17        1        46618
17        2        24817
17        3        205088
17        4        172895
17        5        25303
17        6        62034
17        7        29801
17        8        23273
17        9        79945
17        10        28080
17        11        17291
17        12        105507
17        13        10653
17        14        169397
17        15        26816
17        16        21806
17        17        0
17        18        9040
17        19        11139
17        20        63153
17        21        34092
17        22        70935
17        23        14957
17        24        28398
17        25        166694
18        1        11639
18        2        6532
18        3        37669
18        4        37305
18        5        6031
18        6        15385
18        7        7549
18        8        5160
18        9        20001
18        10        5971
18        11        4462
18        12        20040
18        13        3062
18        14        25073
18        15        6931
18        16        4519
18        17        9040
18        18        0
18        19        2802
18        20        30224
18        21        7982
18        22        14964
18        23        4589
18        24        6227
18        25        12359
19        1        1380
19        2        806
19        3        2885
19        4        15418
19        5        1041
19        6        2957
19        7        5550
19        8        8750
19        9        4291
19        10        2131
19        11        3239
19        12        31780
19        13        759
19        14        1170
19        15        4947
19        16        886
19        17        11139
19        18        2802
19        19        0
19        20        1869
19        21        3716
19        22        11510
19        23        3519
19        24        569
19        25        3520
20        1        5261
20        2        8184
20        3        13200
20        4        26221
20        5        4128
20        6        5035
20        7        3089
20        8        2583
20        9        10604
20        10        3579
20        11        2309
20        12        10822
20        13        1255
20        14        14272
20        15        2676
20        16        1742
20        17        63153
20        18        30224
20        19        1869
20        20        0
20        21        5020
20        22        6610
20        23        2139
20        24        5431
20        25        13541
21        1        5985
21        2        3896
21        3        7116
21        4        42303
21        5        5452
21        6        7482
21        7        9958
21        8        7288
21        9        11925
21        10        6809
21        11        16003
21        12        16450
21        13        6173
21        14        8543
21        15        8033
21        16        4782
21        17        34092
21        18        7982
21        19        3716
21        20        5020
21        21        0
21        22        9942
21        23        3276
21        24        3820
21        25        11799
22        1        6731
22        2        7333
22        3        17165
22        4        35303
22        5        3344
22        6        6758
22        7        14110
22        8        17481
22        9        13091
22        10        8455
22        11        8381
22        12        92083
22        13        2974
22        14        8064
22        15        12692
22        16        6453
22        17        70935
22        18        14964
22        19        11510
22        20        6610
22        21        9942
22        22        0
22        23        35285
22        24        2566
22        25        19926
23        1        2704
23        2        3719
23        3        4284
23        4        13618
23        5        1067
23        6        2191
23        7        4911
23        8        7930
23        9        4172
23        10        2868
23        11        3033
23        12        32908
23        13        1056
23        14        1840
23        15        6157
23        16        2022
23        17        14957
23        18        4589
23        19        3519
23        20        2139
23        21        3276
23        22        35285
23        23        0
23        24        940
23        25        4951
24        1        12250
24        2        2015
24        3        8085
24        4        17580
24        5        4608
24        6        6599
24        7        2722
24        8        1278
24        9        12891
24        10        2336
24        11        1755
24        12        3865
24        13        1504
24        14        20618
24        15        3065
24        16        3546
24        17        28398
24        18        6227
24        19        569
24        20        5431
24        21        3820
24        22        2566
24        23        940
24        24        0
24        25        6237
25        1        16132
25        2        565
25        3        51895
25        4        40708
25        5        7050
25        6        14181
25        7        10802
25        8        8447
25        9        19500
25        10        5616
25        11        7266
25        12        24583
25        13        4588
25        14        20937
25        15        12044
25        16        5065
25        17        166694
25        18        12359
25        19        3520
25        20        13541
25        21        11799
25        22        19926
25        23        4951
25        24        6237
25        25        0